
state={
	id=2
	name="STATE_2"

	history={
                victory_points = {
			12311 30
                }
		victory_points = {
			6866 10
		}
                victory_points = {
			12222 25
		}
                victory_points = {
			12206 5
		}
		owner = FED
		buildings = {
			infrastructure = 8

		}

	}

	provinces={
		11 381 397 725 1147 1175 1336 1360 1399 1529 1552 1666 1717 2791 3023 3063 3094 3136 3189 3210 3525 4077 4099 4523 4981 5090 5536 5550 5809 5936 6067 6077 6283 6331 6723 6866 6868 7412 7902 8147 11971 12004 12021 12026 12038 12044 12054 12079 12080 12091 12093 12112 12117 12118 12124 12130 12132 12140 12141 12160 12162 12177 12178 12189 12193 12194 12195 12198 12206 12207 12214 12222 12230 12240 12242 12250 12275 12282 12292 12299 12309 12310 12311 12335 
	}
	manpower=22000000
	buildings_max_level_factor=1.000
	state_category=megalopolis
}
